                   0
       9.8029605e-05
       0.00039211842
       0.00088226644
        0.0015684737
        0.0024507401
        0.0035290658
        0.0048034506
        0.0062738947
         0.007940398
        0.0098029605
         0.011861582
         0.014116263
         0.016567003
         0.019213803
         0.022056661
         0.025095579
         0.028330556
         0.031761592
         0.035388687
         0.039211842
         0.043231056
         0.047446329
         0.051857661
         0.056465052
         0.061268503
         0.066268013
         0.071463582
          0.07685521
         0.082442898
         0.088226644
          0.09420645
          0.10038232
          0.10675424
          0.11332222
          0.12008627
          0.12704637
          0.13420253
          0.14155475
          0.14910303
          0.15684737
          0.16478777
          0.17292422
          0.18125674
          0.18978532
          0.19850995
          0.20743064
           0.2165474
          0.22586021
          0.23536908
          0.24507401
            0.254975
          0.26507205
          0.27536516
          0.28585433
          0.29653955
          0.30742084
          0.31849819
          0.32977159
          0.34124105
          0.35290658
          0.36476816
           0.3768258
           0.3890795
          0.40152926
          0.41417508
          0.42701696
           0.4400549
          0.45328889
          0.46671895
          0.48034506
          0.49416724
          0.50818547
          0.52239976
          0.53681012
          0.55141653
            0.566219
          0.58121753
          0.59641212
          0.61180276
          0.62738947
          0.64317224
          0.65915106
          0.67532595
          0.69169689
           0.7082639
          0.72502696
          0.74198608
          0.75914126
           0.7764925
           0.7940398
          0.81178316
          0.82972258
          0.84785805
          0.86618959
          0.88471718
          0.90344084
          0.92236055
          0.94147633
          0.96078816
          0.98029605
                   1
